p=1:
{{1}}
{{1}}
{{1}}
{{1}}
{{1}}
{{1}}
{{1}}
{{1}}
{{1}}
{{1}}
{{1}}
{{1}}
{{1}}
{{1}}
{{1}}
{{1}}
{{1}}
{{1}}
{{1}}
{{1}}
{{1}}
{{1}}
{{1}}
{{1}}
{{1}}
{{1}}
{{1}}
{{1}}
{{1}}
{{1}}
{{1}}
{{1}}
{{1}}
{{1}}
{{1}}
{{1}}
{{1}}
{{1}}
{{1}}
{{1}}
{{1}}
{{1}}
{{1}}
{{1}}
{{1}}
{{1}}
{{1}}
{{1}}
{{1}}
{{1}}
{{1}}
{{1}}
{{1}}
{{1}}
{{1}}
{{1}}
{{1}}
{{1}}
{{1}}
{{1}}

p=2:
{{1.,0,0},{0,1.,0},{0,0,1.}}
{{0.309017,0,0.951057},{0,1.,0},{-0.951057,0,0.309017}}
{{0.309017,0,-0.951057},{0,1.,0},{0.951057,0,0.309017}}
{{0.361803,-0.894427,0.262866},{0.723607,0.447214,0.525731},{-0.587785,0,0.809017}}
{{0.361803,0.723607,-0.587785},{-0.894427,0.447214,0},{0.262866,0.525731,0.809017}}
{{0.361803,-0.894427,-0.262866},{0.723607,0.447214,-0.525731},{0.587785,0,0.809017}}
{{0.361803,0.723607,0.587785},{-0.894427,0.447214,0},{-0.262866,-0.525731,0.809017}}
{{0.861803,-0.276393,-0.425325},{-0.276393,0.447214,-0.850651},{0.425325,0.850651,0.309017}}
{{0.861803,-0.276393,0.425325},{-0.276393,0.447214,0.850651},{-0.425325,-0.850651,0.309017}}
{{0.67082,0.723607,0.16246},{-0.276393,0.447214,-0.850651},{-0.688191,0.525731,0.5}}
{{0.67082,-0.276393,-0.688191},{0.723607,0.447214,0.525731},{0.16246,-0.850651,0.5}}
{{0.67082,-0.276393,0.688191},{0.723607,0.447214,-0.525731},{-0.16246,0.850651,0.5}}
{{0.67082,0.723607,-0.16246},{-0.276393,0.447214,0.850651},{0.688191,-0.525731,0.5}}
{{-0.809017,0,0.587785},{0,1.,0},{-0.587785,0,-0.809017}}
{{-0.809017,0,-0.587785},{0,1.,0},{0.587785,0,-0.809017}}
{{-0.67082,-0.723607,-0.16246},{0.276393,-0.447214,0.850651},{-0.688191,0.525731,0.5}}
{{-0.67082,0.276393,-0.688191},{-0.723607,-0.447214,0.525731},{-0.16246,0.850651,0.5}}
{{-0.67082,-0.723607,0.16246},{0.276393,-0.447214,-0.850651},{0.688191,-0.525731,0.5}}
{{-0.67082,0.276393,0.688191},{-0.723607,-0.447214,-0.525731},{0.16246,-0.850651,0.5}}
{{0.638197,-0.723607,-0.262866},{-0.723607,-0.447214,-0.525731},{0.262866,0.525731,-0.809017}}
{{0.638197,-0.723607,0.262866},{-0.723607,-0.447214,0.525731},{-0.262866,-0.525731,-0.809017}}
{{0.138197,0.894427,-0.425325},{0.276393,-0.447214,-0.850651},{-0.951057,0,-0.309017}}
{{0.138197,0.276393,-0.951057},{0.894427,-0.447214,0},{-0.425325,-0.850651,-0.309017}}
{{0.138197,0.276393,0.951057},{0.894427,-0.447214,0},{0.425325,0.850651,-0.309017}}
{{0.138197,0.894427,0.425325},{0.276393,-0.447214,0.850651},{0.951057,0,-0.309017}}
{{-0.447214,-0.276393,0.850651},{0.723607,0.447214,0.525731},{-0.525731,0.850651,0}}
{{-0.447214,0.723607,-0.525731},{-0.276393,0.447214,0.850651},{0.850651,0.525731,0}}
{{-0.361803,-0.723607,0.587785},{0.894427,-0.447214,0},{0.262866,0.525731,0.809017}}
{{-0.361803,0.894427,0.262866},{-0.723607,-0.447214,0.525731},{0.587785,0,0.809017}}
{{0.447214,-0.723607,0.525731},{0.276393,-0.447214,-0.850651},{0.850651,0.525731,0}}
{{0.447214,0.276393,0.850651},{-0.723607,-0.447214,0.525731},{0.525731,-0.850651,0}}
{{0.947214,0.276393,0.16246},{0.276393,-0.447214,-0.850651},{-0.16246,0.850651,-0.5}}
{{0.947214,0.276393,-0.16246},{0.276393,-0.447214,0.850651},{0.16246,-0.850651,-0.5}}
{{0.0527864,0.723607,0.688191},{0.723607,0.447214,-0.525731},{-0.688191,0.525731,-0.5}}
{{0.0527864,0.723607,-0.688191},{0.723607,0.447214,0.525731},{0.688191,-0.525731,-0.5}}
{{-0.138197,-0.894427,0.425325},{-0.276393,0.447214,0.850651},{-0.951057,0,-0.309017}}
{{-0.138197,-0.276393,-0.951057},{-0.894427,0.447214,0},{0.425325,0.850651,-0.309017}}
{{-0.361803,-0.723607,-0.587785},{0.894427,-0.447214,0},{-0.262866,-0.525731,0.809017}}
{{-0.361803,0.894427,-0.262866},{-0.723607,-0.447214,-0.525731},{-0.587785,0,0.809017}}
{{-0.138197,-0.894427,-0.425325},{-0.276393,0.447214,-0.850651},{0.951057,0,-0.309017}}
{{-0.138197,-0.276393,0.951057},{-0.894427,0.447214,0},{-0.425325,-0.850651,-0.309017}}
{{0.447214,0.276393,-0.850651},{-0.723607,-0.447214,-0.525731},{-0.525731,0.850651,0}}
{{0.447214,-0.723607,-0.525731},{0.276393,-0.447214,0.850651},{-0.850651,-0.525731,0}}
{{-0.447214,0.723607,0.525731},{-0.276393,0.447214,-0.850651},{-0.850651,-0.525731,0}}
{{-0.447214,-0.276393,-0.850651},{0.723607,0.447214,-0.525731},{0.525731,-0.850651,0}}
{{-0.947214,-0.276393,-0.16246},{-0.276393,0.447214,0.850651},{-0.16246,0.850651,-0.5}}
{{-1.,0,0},{0,-1.,0},{0,0,1.}}
{{-0.0527864,-0.723607,0.688191},{-0.723607,-0.447214,-0.525731},{0.688191,-0.525731,-0.5}}
{{0.809017,0,-0.587785},{0,-1.,0},{-0.587785,0,-0.809017}}
{{-0.638197,0.723607,-0.262866},{0.723607,0.447214,-0.525731},{-0.262866,-0.525731,-0.809017}}
{{-0.638197,0.723607,0.262866},{0.723607,0.447214,0.525731},{0.262866,0.525731,-0.809017}}
{{-0.861803,0.276393,0.425325},{0.276393,-0.447214,0.850651},{0.425325,0.850651,0.309017}}
{{-0.309017,0,0.951057},{0,-1.,0},{0.951057,0,0.309017}}
{{0.809017,0,0.587785},{0,-1.,0},{0.587785,0,-0.809017}}
{{0.447214,0.894427,0},{0.894427,-0.447214,0},{0,0,-1.}}
{{-0.947214,-0.276393,0.16246},{-0.276393,0.447214,-0.850651},{0.16246,-0.850651,-0.5}}
{{-0.447214,-0.894427,0},{-0.894427,0.447214,0},{0,0,-1.}}
{{-0.0527864,-0.723607,-0.688191},{-0.723607,-0.447214,0.525731},{-0.688191,0.525731,-0.5}}
{{-0.309017,0,-0.951057},{0,-1.,0},{-0.951057,0,0.309017}}
{{-0.861803,0.276393,-0.425325},{0.276393,-0.447214,-0.850651},{-0.425325,-0.850651,0.309017}}

p=3:
{{1.,0,0},{0,1.,0},{0,0,1.}}
{{-0.809017,0,0.587785},{0,1.,0},{-0.587785,0,-0.809017}}
{{-0.809017,0,-0.587785},{0,1.,0},{0.587785,0,-0.809017}}
{{0.138197,0.894427,0.425325},{0.276393,-0.447214,0.850651},{0.951057,0,-0.309017}}
{{0.138197,0.276393,0.951057},{0.894427,-0.447214,0},{0.425325,0.850651,-0.309017}}
{{0.138197,0.894427,-0.425325},{0.276393,-0.447214,-0.850651},{-0.951057,0,-0.309017}}
{{0.138197,0.276393,-0.951057},{0.894427,-0.447214,0},{-0.425325,-0.850651,-0.309017}}
{{0.638197,-0.723607,0.262866},{-0.723607,-0.447214,0.525731},{-0.262866,-0.525731,-0.809017}}
{{0.638197,-0.723607,-0.262866},{-0.723607,-0.447214,-0.525731},{0.262866,0.525731,-0.809017}}
{{-0.67082,0.276393,-0.688191},{-0.723607,-0.447214,0.525731},{-0.16246,0.850651,0.5}}
{{-0.67082,-0.723607,-0.16246},{0.276393,-0.447214,0.850651},{-0.688191,0.525731,0.5}}
{{-0.67082,-0.723607,0.16246},{0.276393,-0.447214,-0.850651},{0.688191,-0.525731,0.5}}
{{-0.67082,0.276393,0.688191},{-0.723607,-0.447214,-0.525731},{0.16246,-0.850651,0.5}}
{{0.309017,0,-0.951057},{0,1.,0},{0.951057,0,0.309017}}
{{0.309017,0,0.951057},{0,1.,0},{-0.951057,0,0.309017}}
{{0.67082,-0.276393,0.688191},{0.723607,0.447214,-0.525731},{-0.16246,0.850651,0.5}}
{{0.67082,0.723607,-0.16246},{-0.276393,0.447214,0.850651},{0.688191,-0.525731,0.5}}
{{0.67082,-0.276393,-0.688191},{0.723607,0.447214,0.525731},{0.16246,-0.850651,0.5}}
{{0.67082,0.723607,0.16246},{-0.276393,0.447214,-0.850651},{-0.688191,0.525731,0.5}}
{{0.861803,-0.276393,-0.425325},{-0.276393,0.447214,-0.850651},{0.425325,0.850651,0.309017}}
{{0.861803,-0.276393,0.425325},{-0.276393,0.447214,0.850651},{-0.425325,-0.850651,0.309017}}
{{0.361803,-0.894427,0.262866},{0.723607,0.447214,0.525731},{-0.587785,0,0.809017}}
{{0.361803,0.723607,-0.587785},{-0.894427,0.447214,0},{0.262866,0.525731,0.809017}}
{{0.361803,0.723607,0.587785},{-0.894427,0.447214,0},{-0.262866,-0.525731,0.809017}}
{{0.361803,-0.894427,-0.262866},{0.723607,0.447214,-0.525731},{0.587785,0,0.809017}}
{{0.447214,-0.723607,-0.525731},{0.276393,-0.447214,0.850651},{-0.850651,-0.525731,0}}
{{0.447214,0.276393,-0.850651},{-0.723607,-0.447214,-0.525731},{-0.525731,0.850651,0}}
{{-0.138197,-0.276393,-0.951057},{-0.894427,0.447214,0},{0.425325,0.850651,-0.309017}}
{{-0.138197,-0.894427,0.425325},{-0.276393,0.447214,0.850651},{-0.951057,0,-0.309017}}
{{-0.447214,-0.276393,0.850651},{0.723607,0.447214,0.525731},{-0.525731,0.850651,0}}
{{-0.447214,0.723607,-0.525731},{-0.276393,0.447214,0.850651},{0.850651,0.525731,0}}
{{0.0527864,0.723607,-0.688191},{0.723607,0.447214,0.525731},{0.688191,-0.525731,-0.5}}
{{0.0527864,0.723607,0.688191},{0.723607,0.447214,-0.525731},{-0.688191,0.525731,-0.5}}
{{0.947214,0.276393,0.16246},{0.276393,-0.447214,-0.850651},{-0.16246,0.850651,-0.5}}
{{0.947214,0.276393,-0.16246},{0.276393,-0.447214,0.850651},{0.16246,-0.850651,-0.5}}
{{-0.361803,0.894427,-0.262866},{-0.723607,-0.447214,-0.525731},{-0.587785,0,0.809017}}
{{-0.361803,-0.723607,-0.587785},{0.894427,-0.447214,0},{-0.262866,-0.525731,0.809017}}
{{-0.138197,-0.276393,0.951057},{-0.894427,0.447214,0},{-0.425325,-0.850651,-0.309017}}
{{-0.138197,-0.894427,-0.425325},{-0.276393,0.447214,-0.850651},{0.951057,0,-0.309017}}
{{-0.361803,0.894427,0.262866},{-0.723607,-0.447214,0.525731},{0.587785,0,0.809017}}
{{-0.361803,-0.723607,0.587785},{0.894427,-0.447214,0},{0.262866,0.525731,0.809017}}
{{-0.447214,0.723607,0.525731},{-0.276393,0.447214,-0.850651},{-0.850651,-0.525731,0}}
{{-0.447214,-0.276393,-0.850651},{0.723607,0.447214,-0.525731},{0.525731,-0.850651,0}}
{{0.447214,0.276393,0.850651},{-0.723607,-0.447214,0.525731},{0.525731,-0.850651,0}}
{{0.447214,-0.723607,0.525731},{0.276393,-0.447214,-0.850651},{0.850651,0.525731,0}}
{{-0.0527864,-0.723607,0.688191},{-0.723607,-0.447214,-0.525731},{0.688191,-0.525731,-0.5}}
{{-1.,0,0},{0,-1.,0},{0,0,1.}}
{{-0.947214,-0.276393,0.16246},{-0.276393,0.447214,-0.850651},{0.16246,-0.850651,-0.5}}
{{-0.309017,0,0.951057},{0,-1.,0},{0.951057,0,0.309017}}
{{-0.861803,0.276393,-0.425325},{0.276393,-0.447214,-0.850651},{-0.425325,-0.850651,0.309017}}
{{-0.861803,0.276393,0.425325},{0.276393,-0.447214,0.850651},{0.425325,0.850651,0.309017}}
{{-0.638197,0.723607,-0.262866},{0.723607,0.447214,-0.525731},{-0.262866,-0.525731,-0.809017}}
{{0.809017,0,0.587785},{0,-1.,0},{0.587785,0,-0.809017}}
{{-0.309017,0,-0.951057},{0,-1.,0},{-0.951057,0,0.309017}}
{{-0.447214,-0.894427,0},{-0.894427,0.447214,0},{0,0,-1.}}
{{-0.0527864,-0.723607,-0.688191},{-0.723607,-0.447214,0.525731},{-0.688191,0.525731,-0.5}}
{{0.447214,0.894427,0},{0.894427,-0.447214,0},{0,0,-1.}}
{{-0.947214,-0.276393,-0.16246},{-0.276393,0.447214,0.850651},{-0.16246,0.850651,-0.5}}
{{0.809017,0,-0.587785},{0,-1.,0},{-0.587785,0,-0.809017}}
{{-0.638197,0.723607,0.262866},{0.723607,0.447214,0.525731},{0.262866,0.525731,-0.809017}}

p=4:
{{1.,0,0,0},{0,1.,0,0},{0,0,1.,0},{0,0,0,1.}}
{{-0.809017,0,0.587785,0},{0,0.309017,0,0.951057},{-0.587785,0,-0.809017,0},{0,-0.951057,0,0.309017}}
{{-0.809017,0,-0.587785,0},{0,0.309017,0,-0.951057},{0.587785,0,-0.809017,0},{0,0.951057,0,0.309017}}
{{-0.276393,-0.361803,-0.850651,-0.262866},{0.138197,-0.723607,0.425325,-0.525731},{0,-0.587785,0,0.809017},{0.951057,0,-0.309017,0}}
{{-0.276393,0.138197,0,0.951057},{-0.361803,-0.723607,-0.587785,0},{-0.850651,0.425325,0,-0.309017},{-0.262866,-0.525731,0.809017,0}}
{{-0.276393,-0.361803,0.850651,0.262866},{0.138197,-0.723607,-0.425325,0.525731},{0,0.587785,0,0.809017},{-0.951057,0,-0.309017,0}}
{{-0.276393,0.138197,0,-0.951057},{-0.361803,-0.723607,0.587785,0},{0.850651,-0.425325,0,-0.309017},{0.262866,0.525731,0.809017,0}}
{{-0.58541,0.447214,0.425325,-0.525731},{0.447214,0.0854102,0.850651,0.262866},{-0.425325,-0.850651,0.309017,0},{0.525731,-0.262866,0,-0.809017}}
{{-0.58541,0.447214,-0.425325,0.525731},{0.447214,0.0854102,-0.850651,-0.262866},{0.425325,0.850651,0.309017,0},{-0.525731,0.262866,0,-0.809017}}
{{0.223607,-0.861803,-0.16246,0.425325},{0.638197,-0.223607,0.262866,-0.688191},{0.688191,0.425325,-0.5,0.309017},{-0.262866,-0.16246,-0.809017,-0.5}}
{{0.223607,0.638197,0.688191,-0.262866},{-0.861803,-0.223607,0.425325,-0.16246},{-0.16246,0.262866,-0.5,-0.809017},{0.425325,-0.688191,0.309017,-0.5}}
{{0.223607,0.638197,-0.688191,0.262866},{-0.861803,-0.223607,-0.425325,0.16246},{0.16246,-0.262866,-0.5,-0.809017},{-0.425325,0.688191,0.309017,-0.5}}
{{0.223607,-0.861803,0.16246,-0.425325},{0.638197,-0.223607,-0.262866,0.688191},{-0.688191,-0.425325,-0.5,0.309017},{0.262866,0.16246,-0.809017,-0.5}}
{{0.309017,0,-0.951057,0},{0,-0.809017,0,0.587785},{0.951057,0,0.309017,0},{0,-0.587785,0,-0.809017}}
{{0.309017,0,0.951057,0},{0,-0.809017,0,-0.587785},{-0.951057,0,0.309017,0},{0,0.587785,0,-0.809017}}
{{-0.223607,0.861803,0.16246,-0.425325},{-0.638197,0.223607,-0.262866,0.688191},{0.688191,0.425325,-0.5,0.309017},{-0.262866,-0.16246,-0.809017,-0.5}}
{{-0.223607,-0.638197,0.688191,-0.262866},{0.861803,0.223607,0.425325,-0.16246},{0.16246,-0.262866,-0.5,-0.809017},{-0.425325,0.688191,0.309017,-0.5}}
{{-0.223607,0.861803,-0.16246,0.425325},{-0.638197,0.223607,0.262866,-0.688191},{-0.688191,-0.425325,-0.5,0.309017},{0.262866,0.16246,-0.809017,-0.5}}
{{-0.223607,-0.638197,-0.688191,0.262866},{0.861803,0.223607,-0.425325,0.16246},{-0.16246,0.262866,-0.5,-0.809017},{0.425325,-0.688191,0.309017,-0.5}}
{{0.0854102,-0.447214,0.262866,0.850651},{-0.447214,-0.58541,0.525731,-0.425325},{-0.262866,-0.525731,-0.809017,0},{-0.850651,0.425325,0,0.309017}}
{{0.0854102,-0.447214,-0.262866,-0.850651},{-0.447214,-0.58541,-0.525731,0.425325},{0.262866,0.525731,-0.809017,0},{0.850651,-0.425325,0,0.309017}}
{{-0.723607,-0.138197,-0.525731,0.425325},{0.361803,-0.276393,0.262866,0.850651},{0,-0.951057,0,-0.309017},{-0.587785,0,0.809017,0}}
{{-0.723607,0.361803,0,-0.587785},{-0.138197,-0.276393,-0.951057,0},{-0.525731,0.262866,0,0.809017},{0.425325,0.850651,-0.309017,0}}
{{-0.723607,0.361803,0,0.587785},{-0.138197,-0.276393,0.951057,0},{0.525731,-0.262866,0,0.809017},{-0.425325,-0.850651,-0.309017,0}}
{{-0.723607,-0.138197,0.525731,-0.425325},{0.361803,-0.276393,-0.262866,-0.850651},{0,0.951057,0,-0.309017},{0.587785,0,0.809017,0}}
{{0.223607,-0.0527864,0.688191,0.688191},{0.947214,-0.223607,-0.16246,-0.16246},{0.16246,0.688191,0.5,-0.5},{0.16246,0.688191,-0.5,0.5}}
{{0.223607,0.947214,0.16246,0.16246},{-0.0527864,-0.223607,0.688191,0.688191},{0.688191,-0.16246,0.5,-0.5},{0.688191,-0.16246,-0.5,0.5}}
{{0.276393,-0.138197,0,-0.951057},{0.361803,0.723607,0.587785,0},{-0.850651,0.425325,0,-0.309017},{-0.262866,-0.525731,0.809017,0}}
{{0.276393,0.361803,-0.850651,-0.262866},{-0.138197,0.723607,0.425325,-0.525731},{0,0.587785,0,0.809017},{-0.951057,0,-0.309017,0}}
{{-0.223607,-0.947214,-0.16246,-0.16246},{0.0527864,0.223607,-0.688191,-0.688191},{0.688191,-0.16246,0.5,-0.5},{0.688191,-0.16246,-0.5,0.5}}
{{-0.223607,0.0527864,0.688191,0.688191},{-0.947214,0.223607,-0.16246,-0.16246},{-0.16246,-0.688191,0.5,-0.5},{-0.16246,-0.688191,-0.5,0.5}}
{{0.58541,0.67082,0.425325,-0.16246},{0.67082,-0.0854102,-0.688191,0.262866},{-0.425325,0.688191,-0.309017,0.5},{0.16246,-0.262866,0.5,0.809017}}
{{0.58541,0.67082,-0.425325,0.16246},{0.67082,-0.0854102,0.688191,-0.262866},{0.425325,-0.688191,-0.309017,0.5},{-0.16246,0.262866,0.5,0.809017}}
{{-0.0854102,-0.67082,0.262866,-0.688191},{-0.67082,0.58541,0.16246,-0.425325},{-0.262866,-0.16246,0.809017,0.5},{0.688191,0.425325,0.5,-0.309017}}
{{-0.0854102,-0.67082,-0.262866,0.688191},{-0.67082,0.58541,-0.16246,0.425325},{0.262866,0.16246,0.809017,0.5},{-0.688191,-0.425325,0.5,-0.309017}}
{{0.723607,0.138197,0.525731,-0.425325},{-0.361803,0.276393,-0.262866,-0.850651},{0,-0.951057,0,-0.309017},{-0.587785,0,0.809017,0}}
{{0.723607,-0.361803,0,-0.587785},{0.138197,0.276393,-0.951057,0},{0.525731,-0.262866,0,0.809017},{-0.425325,-0.850651,-0.309017,0}}
{{0.276393,-0.138197,0,0.951057},{0.361803,0.723607,-0.587785,0},{0.850651,-0.425325,0,-0.309017},{0.262866,0.525731,0.809017,0}}
{{0.276393,0.361803,0.850651,0.262866},{-0.138197,0.723607,-0.425325,0.525731},{0,-0.587785,0,0.809017},{0.951057,0,-0.309017,0}}
{{0.723607,0.138197,-0.525731,0.425325},{-0.361803,0.276393,0.262866,0.850651},{0,0.951057,0,-0.309017},{0.587785,0,0.809017,0}}
{{0.723607,-0.361803,0,0.587785},{0.138197,0.276393,0.951057,0},{-0.525731,0.262866,0,0.809017},{0.425325,0.850651,-0.309017,0}}
{{-0.223607,0.0527864,-0.688191,-0.688191},{-0.947214,0.223607,0.16246,0.16246},{0.16246,0.688191,0.5,-0.5},{0.16246,0.688191,-0.5,0.5}}
{{-0.223607,-0.947214,0.16246,0.16246},{0.0527864,0.223607,0.688191,0.688191},{-0.688191,0.16246,0.5,-0.5},{-0.688191,0.16246,-0.5,0.5}}
{{0.223607,0.947214,-0.16246,-0.16246},{-0.0527864,-0.223607,-0.688191,-0.688191},{-0.688191,0.16246,0.5,-0.5},{-0.688191,0.16246,-0.5,0.5}}
{{0.223607,-0.0527864,-0.688191,-0.688191},{0.947214,-0.223607,0.16246,0.16246},{-0.16246,-0.688191,0.5,-0.5},{-0.16246,-0.688191,-0.5,0.5}}
{{-0.58541,-0.67082,-0.425325,0.16246},{-0.67082,0.0854102,0.688191,-0.262866},{-0.425325,0.688191,-0.309017,0.5},{0.16246,-0.262866,0.5,0.809017}}
{{-1.,0,0,0},{0,-1.,0,0},{0,0,1.,0},{0,0,0,1.}}
{{0.0854102,0.67082,0.262866,-0.688191},{0.67082,-0.58541,0.16246,-0.425325},{0.262866,0.16246,0.809017,0.5},{-0.688191,-0.425325,0.5,-0.309017}}
{{-0.309017,0,0.951057,0},{0,0.809017,0,-0.587785},{0.951057,0,0.309017,0},{0,-0.587785,0,-0.809017}}
{{-0.0854102,0.447214,0.262866,0.850651},{0.447214,0.58541,0.525731,-0.425325},{0.262866,0.525731,-0.809017,0},{0.850651,-0.425325,0,0.309017}}
{{-0.0854102,0.447214,-0.262866,-0.850651},{0.447214,0.58541,-0.525731,0.425325},{-0.262866,-0.525731,-0.809017,0},{-0.850651,0.425325,0,0.309017}}
{{0.58541,-0.447214,-0.425325,0.525731},{-0.447214,-0.0854102,-0.850651,-0.262866},{-0.425325,-0.850651,0.309017,0},{0.525731,-0.262866,0,-0.809017}}
{{0.809017,0,0.587785,0},{0,-0.309017,0,0.951057},{0.587785,0,-0.809017,0},{0,0.951057,0,0.309017}}
{{-0.309017,0,-0.951057,0},{0,0.809017,0,0.587785},{-0.951057,0,0.309017,0},{0,0.587785,0,-0.809017}}
{{0.894427,-0.447214,0,0},{-0.447214,-0.894427,0,0},{0,0,0,-1.},{0,0,-1.,0}}
{{-0.58541,-0.67082,0.425325,-0.16246},{-0.67082,0.0854102,-0.688191,0.262866},{0.425325,-0.688191,-0.309017,0.5},{-0.16246,0.262866,0.5,0.809017}}
{{-0.894427,0.447214,0,0},{0.447214,0.894427,0,0},{0,0,0,-1.},{0,0,-1.,0}}
{{0.0854102,0.67082,-0.262866,0.688191},{0.67082,-0.58541,-0.16246,0.425325},{-0.262866,-0.16246,0.809017,0.5},{0.688191,0.425325,0.5,-0.309017}}
{{0.809017,0,-0.587785,0},{0,-0.309017,0,-0.951057},{-0.587785,0,-0.809017,0},{0,-0.951057,0,0.309017}}
{{0.58541,-0.447214,0.425325,-0.525731},{-0.447214,-0.0854102,0.850651,0.262866},{0.425325,0.850651,0.309017,0},{-0.525731,0.262866,0,-0.809017}}

p=5:
{{1.,0,0,0,0},{0,1.,0,0,0},{0,0,1.,0,0},{0,0,0,1.,0},{0,0,0,0,1.}}
{{-0.809017,0,0,0.587785,0},{0,0.309017,0,0,0.951057},{0,0,1.,0,0},{-0.587785,0,0,-0.809017,0},{0,-0.951057,0,0,0.309017}}
{{-0.809017,0,0,-0.587785,0},{0,0.309017,0,0,-0.951057},{0,0,1.,0,0},{0.587785,0,0,-0.809017,0},{0,0.951057,0,0,0.309017}}
{{0.18541,-0.323607,0.69282,0.570634,-0.235114},{0.123607,-0.48541,-0.69282,0.380423,-0.352671},{0.214093,0.560503,-0.2,0.658911,0.40723},{-0.425325,0.525731,0,0.138197,-0.723607},{-0.850651,-0.262866,0,0.276393,0.361803}}
{{0.18541,0.123607,0.214093,-0.425325,-0.850651},{-0.323607,-0.48541,0.560503,0.525731,-0.262866},{0.69282,-0.69282,-0.2,0,0},{0.570634,0.380423,0.658911,0.138197,0.276393},{-0.235114,-0.352671,0.40723,-0.723607,0.361803}}
{{0.18541,-0.323607,0.69282,-0.570634,0.235114},{0.123607,-0.48541,-0.69282,-0.380423,0.352671},{0.214093,0.560503,-0.2,-0.658911,-0.40723},{0.425325,-0.525731,0,0.138197,-0.723607},{0.850651,0.262866,0,0.276393,0.361803}}
{{0.18541,0.123607,0.214093,0.425325,0.850651},{-0.323607,-0.48541,0.560503,-0.525731,0.262866},{0.69282,-0.69282,-0.2,0,0},{-0.570634,-0.380423,-0.658911,0.138197,0.276393},{0.235114,0.352671,-0.40723,-0.723607,0.361803}}
{{0.238197,-0.6,-0.560503,-0.49798,-0.145309},{-0.6,0.461803,-0.214093,-0.615537,0.0449028},{-0.560503,-0.214093,-0.2,0.40723,-0.658911},{0.49798,0.615537,-0.40723,0.0854102,-0.447214},{0.145309,-0.0449028,0.658911,-0.447214,-0.58541}}
{{0.238197,-0.6,-0.560503,0.49798,0.145309},{-0.6,0.461803,-0.214093,0.615537,-0.0449028},{-0.560503,-0.214093,-0.2,-0.40723,0.658911},{-0.49798,-0.615537,0.40723,0.0854102,-0.447214},{-0.145309,0.0449028,-0.658911,-0.447214,-0.58541}}
{{0.1,0.847214,0.214093,0.453077,-0.145309},{-0.0472136,0.1,0.560503,-0.615537,-0.542882},{-0.560503,-0.214093,-0.2,0.40723,-0.658911},{-0.542882,-0.145309,0.658911,0.223607,0.447214},{0.615537,-0.453077,0.40723,0.447214,-0.223607}}
{{0.1,-0.0472136,-0.560503,-0.542882,0.615537},{0.847214,0.1,-0.214093,-0.145309,-0.453077},{0.214093,0.560503,-0.2,0.658911,0.40723},{0.453077,-0.615537,0.40723,0.223607,0.447214},{-0.145309,-0.542882,-0.658911,0.447214,-0.223607}}
{{0.1,-0.0472136,-0.560503,0.542882,-0.615537},{0.847214,0.1,-0.214093,0.145309,0.453077},{0.214093,0.560503,-0.2,-0.658911,-0.40723},{-0.453077,0.615537,-0.40723,0.223607,0.447214},{0.145309,0.542882,0.658911,0.447214,-0.223607}}
{{0.1,0.847214,0.214093,-0.453077,0.145309},{-0.0472136,0.1,0.560503,0.615537,0.542882},{-0.560503,-0.214093,-0.2,-0.40723,0.658911},{0.542882,0.145309,-0.658911,0.223607,0.447214},{-0.615537,0.453077,-0.40723,0.447214,-0.223607}}
{{0.309017,0,0,-0.951057,0},{0,-0.809017,0,0,0.587785},{0,0,1.,0,0},{0.951057,0,0,0.309017,0},{0,-0.587785,0,0,-0.809017}}
{{0.309017,0,0,0.951057,0},{0,-0.809017,0,0,-0.587785},{0,0,1.,0,0},{-0.951057,0,0,0.309017,0},{0,0.587785,0,0,-0.809017}}
{{0.1,0.847214,0.214093,0.453077,-0.145309},{-0.0472136,0.1,0.560503,-0.615537,-0.542882},{-0.560503,-0.214093,-0.2,0.40723,-0.658911},{0.542882,0.145309,-0.658911,-0.223607,-0.447214},{-0.615537,0.453077,-0.40723,-0.447214,0.223607}}
{{0.1,-0.0472136,-0.560503,0.542882,-0.615537},{0.847214,0.1,-0.214093,0.145309,0.453077},{0.214093,0.560503,-0.2,-0.658911,-0.40723},{0.453077,-0.615537,0.40723,-0.223607,-0.447214},{-0.145309,-0.542882,-0.658911,-0.447214,0.223607}}
{{0.1,0.847214,0.214093,-0.453077,0.145309},{-0.0472136,0.1,0.560503,0.615537,0.542882},{-0.560503,-0.214093,-0.2,-0.40723,0.658911},{-0.542882,-0.145309,0.658911,-0.223607,-0.447214},{0.615537,-0.453077,0.40723,-0.447214,0.223607}}
{{0.1,-0.0472136,-0.560503,-0.542882,0.615537},{0.847214,0.1,-0.214093,-0.145309,-0.453077},{0.214093,0.560503,-0.2,0.658911,0.40723},{-0.453077,0.615537,-0.40723,-0.223607,-0.447214},{0.145309,0.542882,0.658911,-0.447214,0.223607}}
{{0.461803,-0.6,0.214093,0.0449028,0.615537},{-0.6,0.238197,0.560503,-0.145309,0.49798},{0.214093,0.560503,-0.2,0.658911,0.40723},{-0.0449028,0.145309,-0.658911,-0.58541,0.447214},{-0.615537,-0.49798,-0.40723,0.447214,0.0854102}}
{{0.461803,-0.6,0.214093,-0.0449028,-0.615537},{-0.6,0.238197,0.560503,0.145309,-0.49798},{0.214093,0.560503,-0.2,-0.658911,-0.40723},{0.0449028,-0.145309,0.658911,-0.58541,0.447214},{0.615537,0.49798,0.40723,0.447214,0.0854102}}
{{-0.48541,0.123607,0.69282,-0.352671,-0.380423},{-0.323607,0.18541,-0.69282,-0.235114,-0.570634},{-0.560503,-0.214093,-0.2,-0.40723,0.658911},{-0.262866,-0.850651,0,0.361803,-0.276393},{-0.525731,0.425325,0,0.723607,0.138197}}
{{-0.48541,-0.323607,-0.560503,-0.262866,-0.525731},{0.123607,0.18541,-0.214093,-0.850651,0.425325},{0.69282,-0.69282,-0.2,0,0},{-0.352671,-0.235114,-0.40723,0.361803,0.723607},{-0.380423,-0.570634,0.658911,-0.276393,0.138197}}
{{-0.48541,-0.323607,-0.560503,0.262866,0.525731},{0.123607,0.18541,-0.214093,0.850651,-0.425325},{0.69282,-0.69282,-0.2,0,0},{0.352671,0.235114,0.40723,0.361803,0.723607},{0.380423,0.570634,-0.658911,-0.276393,0.138197}}
{{-0.48541,0.123607,0.69282,0.352671,0.380423},{-0.323607,0.18541,-0.69282,0.235114,0.570634},{-0.560503,-0.214093,-0.2,0.40723,-0.658911},{0.262866,0.850651,0,0.361803,-0.276393},{0.525731,-0.425325,0,0.723607,0.138197}}
{{-0.4,0.57082,-0.560503,-0.380423,-0.235114},{-0.77082,-0.4,-0.214093,0.380423,0.235114},{0.214093,0.560503,-0.2,0.658911,0.40723},{0.235114,-0.235114,-0.40723,-0.447214,0.723607},{-0.380423,0.380423,0.658911,-0.276393,0.447214}}
{{-0.4,-0.77082,0.214093,0.235114,-0.380423},{0.57082,-0.4,0.560503,-0.235114,0.380423},{-0.560503,-0.214093,-0.2,-0.40723,0.658911},{-0.380423,0.380423,0.658911,-0.447214,-0.276393},{-0.235114,0.235114,0.40723,0.723607,0.447214}}
{{0.18541,0.123607,0.214093,-0.425325,-0.850651},{-0.323607,-0.48541,0.560503,0.525731,-0.262866},{0.69282,-0.69282,-0.2,0,0},{-0.570634,-0.380423,-0.658911,-0.138197,-0.276393},{0.235114,0.352671,-0.40723,0.723607,-0.361803}}
{{0.18541,-0.323607,0.69282,-0.570634,0.235114},{0.123607,-0.48541,-0.69282,-0.380423,0.352671},{0.214093,0.560503,-0.2,-0.658911,-0.40723},{-0.425325,0.525731,0,-0.138197,0.723607},{-0.850651,-0.262866,0,-0.276393,-0.361803}}
{{-0.4,-0.77082,0.214093,0.235114,-0.380423},{0.57082,-0.4,0.560503,-0.235114,0.380423},{-0.560503,-0.214093,-0.2,-0.40723,0.658911},{0.380423,-0.380423,-0.658911,0.447214,0.276393},{0.235114,-0.235114,-0.40723,-0.723607,-0.447214}}
{{-0.4,0.57082,-0.560503,0.380423,0.235114},{-0.77082,-0.4,-0.214093,-0.380423,-0.235114},{0.214093,0.560503,-0.2,-0.658911,-0.40723},{0.235114,-0.235114,-0.40723,0.447214,-0.723607},{-0.380423,0.380423,0.658911,0.276393,-0.447214}}
{{0.547214,0.4,-0.560503,0.0726543,0.470228},{0.4,-0.347214,-0.214093,-0.760845,-0.307768},{-0.560503,-0.214093,-0.2,-0.40723,0.658911},{-0.0726543,0.760845,0.40723,-0.5,0},{-0.470228,0.307768,-0.658911,0,-0.5}}
{{0.547214,0.4,-0.560503,-0.0726543,-0.470228},{0.4,-0.347214,-0.214093,0.760845,0.307768},{-0.560503,-0.214093,-0.2,0.40723,-0.658911},{0.0726543,-0.760845,-0.40723,-0.5,0},{0.470228,-0.307768,0.658911,0,-0.5}}
{{-0.347214,0.4,0.214093,-0.307768,0.760845},{0.4,0.547214,0.560503,0.470228,-0.0726543},{0.214093,0.560503,-0.2,-0.658911,-0.40723},{0.307768,-0.470228,0.658911,-0.5,0},{-0.760845,0.0726543,0.40723,0,-0.5}}
{{-0.347214,0.4,0.214093,0.307768,-0.760845},{0.4,0.547214,0.560503,-0.470228,0.0726543},{0.214093,0.560503,-0.2,0.658911,0.40723},{-0.307768,0.470228,-0.658911,-0.5,0},{0.760845,-0.0726543,-0.40723,0,-0.5}}
{{-0.48541,0.123607,0.69282,-0.352671,-0.380423},{-0.323607,0.18541,-0.69282,-0.235114,-0.570634},{-0.560503,-0.214093,-0.2,-0.40723,0.658911},{0.262866,0.850651,0,-0.361803,0.276393},{0.525731,-0.425325,0,-0.723607,-0.138197}}
{{-0.48541,-0.323607,-0.560503,0.262866,0.525731},{0.123607,0.18541,-0.214093,0.850651,-0.425325},{0.69282,-0.69282,-0.2,0,0},{-0.352671,-0.235114,-0.40723,-0.361803,-0.723607},{-0.380423,-0.570634,0.658911,0.276393,-0.138197}}
{{0.18541,0.123607,0.214093,0.425325,0.850651},{-0.323607,-0.48541,0.560503,-0.525731,0.262866},{0.69282,-0.69282,-0.2,0,0},{0.570634,0.380423,0.658911,-0.138197,-0.276393},{-0.235114,-0.352671,0.40723,0.723607,-0.361803}}
{{0.18541,-0.323607,0.69282,0.570634,-0.235114},{0.123607,-0.48541,-0.69282,0.380423,-0.352671},{0.214093,0.560503,-0.2,0.658911,0.40723},{0.425325,-0.525731,0,-0.138197,0.723607},{0.850651,0.262866,0,-0.276393,-0.361803}}
{{-0.48541,0.123607,0.69282,0.352671,0.380423},{-0.323607,0.18541,-0.69282,0.235114,0.570634},{-0.560503,-0.214093,-0.2,0.40723,-0.658911},{-0.262866,-0.850651,0,-0.361803,0.276393},{-0.525731,0.425325,0,-0.723607,-0.138197}}
{{-0.48541,-0.323607,-0.560503,-0.262866,-0.525731},{0.123607,0.18541,-0.214093,-0.850651,0.425325},{0.69282,-0.69282,-0.2,0,0},{0.352671,0.235114,0.40723,-0.361803,-0.723607},{0.380423,0.570634,-0.658911,0.276393,-0.138197}}
{{-0.4,0.57082,-0.560503,-0.380423,-0.235114},{-0.77082,-0.4,-0.214093,0.380423,0.235114},{0.214093,0.560503,-0.2,0.658911,0.40723},{-0.235114,0.235114,0.40723,0.447214,-0.723607},{0.380423,-0.380423,-0.658911,0.276393,-0.447214}}
{{-0.4,-0.77082,0.214093,-0.235114,0.380423},{0.57082,-0.4,0.560503,0.235114,-0.380423},{-0.560503,-0.214093,-0.2,0.40723,-0.658911},{-0.380423,0.380423,0.658911,0.447214,0.276393},{-0.235114,0.235114,0.40723,-0.723607,-0.447214}}
{{-0.4,-0.77082,0.214093,-0.235114,0.380423},{0.57082,-0.4,0.560503,0.235114,-0.380423},{-0.560503,-0.214093,-0.2,0.40723,-0.658911},{0.380423,-0.380423,-0.658911,-0.447214,-0.276393},{0.235114,-0.235114,-0.40723,0.723607,0.447214}}
{{-0.4,0.57082,-0.560503,0.380423,0.235114},{-0.77082,-0.4,-0.214093,-0.380423,-0.235114},{0.214093,0.560503,-0.2,-0.658911,-0.40723},{-0.235114,0.235114,0.40723,-0.447214,0.723607},{0.380423,-0.380423,-0.658911,-0.276393,0.447214}}
{{0.547214,0.4,-0.560503,0.0726543,0.470228},{0.4,-0.347214,-0.214093,-0.760845,-0.307768},{-0.560503,-0.214093,-0.2,-0.40723,0.658911},{0.0726543,-0.760845,-0.40723,0.5,0},{0.470228,-0.307768,0.658911,0,0.5}}
{{1.,0,0,0,0},{0,1.,0,0,0},{0,0,1.,0,0},{0,0,0,-1.,0},{0,0,0,0,-1.}}
{{-0.347214,0.4,0.214093,0.307768,-0.760845},{0.4,0.547214,0.560503,-0.470228,0.0726543},{0.214093,0.560503,-0.2,0.658911,0.40723},{0.307768,-0.470228,0.658911,0.5,0},{-0.760845,0.0726543,0.40723,0,0.5}}
{{0.309017,0,0,-0.951057,0},{0,-0.809017,0,0,0.587785},{0,0,1.,0,0},{-0.951057,0,0,-0.309017,0},{0,0.587785,0,0,0.809017}}
{{0.461803,-0.6,0.214093,-0.0449028,-0.615537},{-0.6,0.238197,0.560503,0.145309,-0.49798},{0.214093,0.560503,-0.2,-0.658911,-0.40723},{-0.0449028,0.145309,-0.658911,0.58541,-0.447214},{-0.615537,-0.49798,-0.40723,-0.447214,-0.0854102}}
{{0.461803,-0.6,0.214093,0.0449028,0.615537},{-0.6,0.238197,0.560503,-0.145309,0.49798},{0.214093,0.560503,-0.2,0.658911,0.40723},{0.0449028,-0.145309,0.658911,0.58541,-0.447214},{0.615537,0.49798,0.40723,-0.447214,-0.0854102}}
{{0.238197,-0.6,-0.560503,-0.49798,-0.145309},{-0.6,0.461803,-0.214093,-0.615537,0.0449028},{-0.560503,-0.214093,-0.2,0.40723,-0.658911},{-0.49798,-0.615537,0.40723,-0.0854102,0.447214},{-0.145309,0.0449028,-0.658911,0.447214,0.58541}}
{{-0.809017,0,0,-0.587785,0},{0,0.309017,0,0,-0.951057},{0,0,1.,0,0},{-0.587785,0,0,0.809017,0},{0,-0.951057,0,0,-0.309017}}
{{0.309017,0,0,0.951057,0},{0,-0.809017,0,0,-0.587785},{0,0,1.,0,0},{0.951057,0,0,-0.309017,0},{0,-0.587785,0,0,0.809017}}
{{0.6,0.4,0.69282,0,0},{0.4,0.6,-0.69282,0,0},{0.69282,-0.69282,-0.2,0,0},{0,0,0,-0.447214,-0.894427},{0,0,0,-0.894427,0.447214}}
{{0.547214,0.4,-0.560503,-0.0726543,-0.470228},{0.4,-0.347214,-0.214093,0.760845,0.307768},{-0.560503,-0.214093,-0.2,0.40723,-0.658911},{-0.0726543,0.760845,0.40723,0.5,0},{-0.470228,0.307768,-0.658911,0,0.5}}
{{0.6,0.4,0.69282,0,0},{0.4,0.6,-0.69282,0,0},{0.69282,-0.69282,-0.2,0,0},{0,0,0,0.447214,0.894427},{0,0,0,0.894427,-0.447214}}
{{-0.347214,0.4,0.214093,-0.307768,0.760845},{0.4,0.547214,0.560503,0.470228,-0.0726543},{0.214093,0.560503,-0.2,-0.658911,-0.40723},{-0.307768,0.470228,-0.658911,0.5,0},{0.760845,-0.0726543,-0.40723,0,0.5}}
{{-0.809017,0,0,0.587785,0},{0,0.309017,0,0,0.951057},{0,0,1.,0,0},{0.587785,0,0,0.809017,0},{0,0.951057,0,0,-0.309017}}
{{0.238197,-0.6,-0.560503,0.49798,0.145309},{-0.6,0.461803,-0.214093,0.615537,-0.0449028},{-0.560503,-0.214093,-0.2,-0.40723,0.658911},{0.49798,0.615537,-0.40723,-0.0854102,0.447214},{0.145309,-0.0449028,0.658911,0.447214,0.58541}}
